8.980799999999999894e-01
9.181500000000000217e-01
9.383200000000000429e-01
9.586500000000000021e-01
9.792600000000000193e-01
1.000199999999999978e+00
1.021600000000000064e+00
1.043600000000000083e+00
1.066100000000000048e+00
1.089299999999999935e+00
1.113399999999999945e+00
1.138200000000000101e+00
1.163999999999999924e+00
1.190700000000000092e+00
1.218499999999999917e+00
1.247500000000000053e+00
1.277600000000000069e+00
1.309099999999999930e+00
1.341800000000000104e+00
1.376100000000000101e+00
1.411799999999999944e+00
1.449100000000000055e+00
1.488099999999999978e+00
1.528999999999999915e+00
1.571800000000000086e+00
1.616700000000000026e+00
1.663799999999999946e+00
1.713300000000000045e+00
1.765400000000000080e+00
1.820100000000000051e+00
1.877699999999999925e+00
1.938399999999999901e+00
2.002299999999999969e+00
2.069700000000000095e+00
2.140699999999999825e+00
2.215599999999999792e+00
2.294599999999999973e+00
2.378299999999999859e+00
2.466800000000000104e+00
2.560799999999999965e+00
2.660499999999999865e+00
2.766300000000000203e+00
2.878800000000000026e+00
2.999000000000000110e+00
3.128099999999999881e+00
3.267300000000000093e+00
3.418000000000000149e+00
3.581300000000000150e+00
3.758599999999999941e+00
3.951499999999999790e+00
4.164299999999999891e+00
4.401699999999999946e+00
4.668400000000000105e+00
4.969199999999999839e+00
5.308900000000000396e+00
5.692199999999999704e+00
6.125700000000000145e+00
6.621000000000000441e+00
7.190599999999999881e+00
7.847199999999999953e+00
8.603300000000000836e+00
9.471500000000000696e+00
1.046400000000000041e+01
1.159600000000000009e+01
1.288299999999999912e+01
1.434200000000000053e+01
1.599000000000000021e+01
1.784400000000000119e+01
1.992099999999999937e+01
2.223699999999999832e+01
2.480399999999999849e+01
2.762300000000000111e+01
3.069500000000000028e+01
3.402100000000000080e+01
3.760199999999999676e+01
4.143900000000000006e+01
4.553300000000000125e+01
4.986999999999999744e+01
5.442499999999999716e+01
5.917099999999999937e+01
6.408199999999999363e+01
6.912999999999999545e+01
7.428900000000000148e+01
7.953199999999999648e+01
8.483499999999999375e+01
9.017100000000000648e+01
9.551600000000000534e+01
1.008400000000000034e+02
1.061299999999999955e+02
1.113499999999999943e+02
1.164800000000000040e+02
1.215199999999999960e+02
1.264699999999999989e+02
1.313600000000000136e+02
1.361899999999999977e+02
1.409600000000000080e+02
1.456899999999999977e+02
1.503899999999999864e+02
1.550600000000000023e+02
1.597199999999999989e+02
1.617599999999999909e+02
1.617599999999999909e+02
1.617599999999999909e+02
1.617599999999999909e+02
1.617599999999999909e+02
1.617599999999999909e+02
1.617599999999999909e+02
1.617599999999999909e+02
1.617599999999999909e+02
1.617599999999999909e+02
1.617599999999999909e+02
1.617599999999999909e+02
1.617599999999999909e+02
1.617599999999999909e+02
1.617599999999999909e+02
1.617599999999999909e+02
1.617599999999999909e+02
1.617599999999999909e+02
1.617599999999999909e+02
1.617599999999999909e+02
1.617599999999999909e+02
1.617599999999999909e+02
1.617599999999999909e+02
1.617599999999999909e+02
1.617599999999999909e+02
1.617599999999999909e+02
1.617599999999999909e+02
1.617599999999999909e+02
1.617599999999999909e+02
1.617599999999999909e+02
1.617599999999999909e+02
1.617599999999999909e+02
1.617599999999999909e+02
1.617599999999999909e+02
1.617599999999999909e+02
1.617599999999999909e+02
1.617599999999999909e+02
1.617599999999999909e+02
1.617599999999999909e+02
1.617599999999999909e+02
1.617599999999999909e+02
1.617599999999999909e+02
1.617599999999999909e+02
1.617599999999999909e+02
1.617599999999999909e+02
1.617599999999999909e+02
1.617599999999999909e+02
1.617599999999999909e+02
1.617599999999999909e+02
1.617599999999999909e+02
1.617599999999999909e+02
1.617599999999999909e+02
1.617599999999999909e+02
1.617599999999999909e+02
1.617599999999999909e+02
1.617599999999999909e+02
1.617599999999999909e+02
1.617599999999999909e+02
1.617599999999999909e+02
1.617599999999999909e+02
1.617599999999999909e+02
1.617599999999999909e+02
1.617599999999999909e+02
1.617599999999999909e+02
1.617599999999999909e+02
1.617599999999999909e+02
1.617599999999999909e+02
1.617599999999999909e+02
1.617599999999999909e+02
1.617599999999999909e+02
1.617599999999999909e+02
1.617599999999999909e+02
1.617599999999999909e+02
1.617599999999999909e+02
1.617599999999999909e+02
1.617599999999999909e+02
1.617599999999999909e+02
1.617599999999999909e+02
1.617599999999999909e+02
1.617599999999999909e+02
1.617599999999999909e+02
1.617599999999999909e+02
1.617599999999999909e+02
1.617599999999999909e+02
1.617599999999999909e+02
1.617599999999999909e+02
1.617599999999999909e+02
1.617599999999999909e+02
1.617599999999999909e+02
1.617599999999999909e+02
1.617599999999999909e+02
1.617599999999999909e+02
1.617599999999999909e+02
1.617599999999999909e+02
1.617599999999999909e+02
1.617599999999999909e+02
1.617599999999999909e+02
1.617599999999999909e+02
1.617599999999999909e+02
1.617599999999999909e+02
